1|52|10/5/14|118.34
2|4|24/6/14|68.98
3|30|16/4/14|1.45
4|42|18/1/14|145.42
5|66|7/6/14|136.09
6|82|8/4/14|65.51
7|6|4/5/14|86.55
8|16|21/3/14|141.51
9|66|26/5/14|14.95
10|94|30/3/14|32.86
11|20|26/4/14|29.79
12|84|8/6/14|74.76
13|79|21/4/14|138.27
14|69|13/7/14|61.76
15|39|5/6/14|72.65
16|9|5/5/14|111.83
17|83|9/7/14|145.97
18|21|1/5/14|139.04
19|16|16/7/14|9.75
20|9|15/2/14|19.89
21|31|8/4/14|3.69
22|19|16/4/14|31.06
23|32|17/4/14|68.52
24|36|5/2/14|123.42
25|68|3/3/14|3.85
26|23|26/1/14|14.40
27|65|3/7/14|114.45
28|65|1/2/14|125.68
29|51|12/5/14|125.08
30|81|6/8/14|128.60
31|23|1/6/14|17.51
32|26|25/1/14|119.16
33|51|7/7/14|123.43
34|46|2/7/14|86.92
35|1|18/2/14|98.58
36|27|1/2/14|67.91
37|66|27/5/14|45.67
38|1|13/2/14|91.67
39|71|26/3/14|44.04
40|74|26/5/14|28.18
41|62|26/4/14|99.03
42|58|7/2/14|81.39
43|68|19/5/14|25.36
44|49|21/7/14|139.07
45|57|14/5/14|12.43
46|71|6/2/14|41.05
47|86|5/8/14|83.74
48|83|7/5/14|72.10
49|31|5/6/14|70.72
50|56|28/6/14|44.23
51|92|24/2/14|95.63
52|7|8/4/14|118.68
53|76|20/5/14|145.46
54|42|19/4/14|51.34
55|38|11/6/14|71.67
56|62|30/3/14|37.01
57|3|2/8/14|66.54
58|53|1/1/14|40.60
59|51|7/5/14|30.24
60|90|2/5/14|137.75
61|19|3/1/14|20.33
62|58|26/1/14|63.60
63|9|22/4/14|25.01
64|23|19/4/14|134.13
65|18|29/1/14|48.29
66|12|11/1/14|23.63
67|52|27/4/14|144.05
68|16|8/1/14|10.00
69|99|2/4/14|113.16
70|97|4/2/14|109.67
71|41|1/3/14|79.56
72|44|28/1/14|145.68
73|96|25/2/14|100.80
74|73|1/2/14|52.57
75|15|3/1/14|31.23
76|36|24/6/14|21.61
77|49|1/4/14|80.99
78|12|23/1/14|105.17
79|5|7/7/14|101.18
80|24|13/2/14|54.86
81|74|20/5/14|145.99
82|15|27/7/14|118.03
83|66|14/1/14|82.71
84|11|1/3/14|43.10
85|7|30/7/14|103.71
86|97|5/4/14|32.45
87|52|6/2/14|33.23
88|30|29/7/14|76.56
89|28|14/5/14|22.07
90|81|30/6/14|125.09
91|73|22/3/14|61.80
92|6|17/6/14|36.01
93|73|8/5/14|82.00
94|66|3/2/14|80.10
95|8|15/5/14|103.06
96|76|1/7/14|15.91
97|94|27/3/14|120.37
98|88|2/3/14|101.83
99|72|18/2/14|8.22
100|53|21/1/14|15.63
101|64|18/2/14|113.32
102|70|7/3/14|109.07
103|32|21/4/14|17.83
104|9|3/8/14|33.80
105|37|15/4/14|117.59
106|66|17/1/14|60.65
107|29|11/4/14|22.62
108|26|24/1/14|69.99
109|66|18/1/14|107.19
110|23|21/5/14|125.09
111|34|2/6/14|118.28
112|45|19/5/14|81.27
113|25|20/6/14|117.45
114|7|20/6/14|131.75
115|49|25/3/14|115.98
116|31|21/7/14|16.39
117|6|22/7/14|14.75
118|93|2/7/14|132.37
119|93|1/3/14|9.23
120|49|19/2/14|38.09
121|58|11/1/14|22.07
122|89|19/7/14|64.67
123|15|2/4/14|20.05
124|1|7/3/14|68.43
125|90|1/1/14|37.69
126|62|15/1/14|37.39
127|58|12/6/14|103.19
128|15|3/3/14|107.54
129|31|5/8/14|12.79
130|52|12/5/14|71.50
131|86|20/6/14|23.34
132|75|27/5/14|74.64
133|77|1/7/14|94.26
134|80|14/7/14|119.99
135|96|6/7/14|141.46
136|62|23/1/14|41.64
137|70|8/1/14|112.47
138|49|1/5/14|33.08
139|16|5/4/14|33.77
140|10|12/7/14|20.12
141|99|5/3/14|66.45
142|22|24/5/14|2.12
143|84|29/6/14|71.38
144|37|22/1/14|94.53
145|55|28/2/14|143.14
146|18|22/7/14|68.96
147|36|3/5/14|3.13
148|97|29/3/14|49.91
149|19|2/6/14|91.22
150|98|25/1/14|145.17
151|4|25/5/14|68.68
152|2|12/5/14|77.83
153|69|19/2/14|66.78
154|6|16/7/14|96.86
155|53|4/5/14|39.96
156|5|4/4/14|116.51
157|82|7/2/14|149.97
158|10|8/2/14|46.33
159|30|19/1/14|5.56
160|50|11/2/14|86.90
161|50|16/7/14|73.05
162|41|16/4/14|53.69
163|64|11/1/14|92.12
164|41|24/4/14|72.57
165|29|19/5/14|39.68
166|5|11/6/14|112.99
167|10|2/4/14|56.96
168|17|31/3/14|14.80
169|99|1/1/14|39.61
170|68|23/7/14|24.57
171|80|1/1/14|135.90
172|29|30/5/14|33.45
173|76|9/5/14|20.92
174|12|21/3/14|103.06
175|40|3/5/14|129.53
176|39|19/2/14|26.35
177|75|13/4/14|22.95
178|79|22/2/14|47.36
179|58|18/7/14|99.70
180|93|18/3/14|54.26
181|18|25/1/14|27.05
182|47|15/7/14|120.38
183|82|4/5/14|76.52
184|38|14/3/14|65.50
185|80|27/7/14|136.25
186|64|28/5/14|42.72
187|16|14/1/14|134.46
188|77|14/3/14|67.62
189|33|14/1/14|63.30
190|58|15/5/14|55.58
191|83|1/4/14|137.54
192|22|19/6/14|109.64
193|9|15/7/14|8.66
194|5|2/1/14|83.38
195|23|1/5/14|85.06
196|49|13/7/14|49.08
197|81|2/8/14|128.60
198|15|23/1/14|34.58
199|40|14/1/14|52.72
200|73|21/6/14|78.15
201|42|17/2/14|12.83
202|15|16/5/14|142.20
203|64|7/2/14|123.85
204|48|25/1/14|41.22
205|8|1/5/14|141.39
206|25|2/6/14|143.41
207|58|27/2/14|114.45
208|46|30/4/14|26.49
209|14|10/4/14|4.79
210|14|20/5/14|125.39
211|32|5/5/14|93.92
212|57|2/5/14|51.90
213|79|24/7/14|23.23
214|61|19/3/14|89.09
215|74|25/3/14|18.09
216|83|15/2/14|101.85
217|23|2/7/14|145.53
218|23|11/6/14|13.31
219|98|13/4/14|101.82
220|62|17/5/14|114.94
221|98|29/1/14|6.52
222|21|24/7/14|84.14
223|39|23/3/14|99.73
224|5|19/7/14|130.16
225|49|5/6/14|122.10
226|85|1/4/14|17.02
227|51|13/1/14|90.12
228|76|10/4/14|118.48
229|68|10/5/14|4.35
230|100|29/4/14|130.79
231|100|17/5/14|73.31
232|72|9/3/14|139.11
233|14|6/5/14|106.98
234|63|24/6/14|27.91
235|89|2/5/14|128.35
236|40|24/2/14|110.20
237|29|18/6/14|75.13
238|77|23/4/14|74.26
239|50|6/3/14|103.00
240|24|27/4/14|50.32
241|59|19/3/14|9.11
242|50|24/3/14|70.64
243|100|31/7/14|118.22
244|34|23/2/14|36.15
245|77|31/5/14|25.11
246|28|18/7/14|138.57
247|72|28/2/14|32.60
248|6|21/1/14|142.51
249|51|15/1/14|22.54
250|69|10/4/14|55.38
251|69|8/5/14|104.91
252|30|2/5/14|34.23
253|72|3/6/14|43.90
254|99|14/5/14|29.21
255|59|11/4/14|147.91
256|5|16/5/14|15.05
257|43|30/5/14|71.60
258|92|30/6/14|134.20
259|88|15/2/14|92.58
260|55|6/6/14|30.72
261|38|26/2/14|77.70
262|52|22/1/14|82.70
263|34|30/7/14|103.94
264|66|19/6/14|88.96
265|22|27/6/14|23.92
266|21|6/5/14|146.49
267|72|24/7/14|49.11
268|29|27/3/14|33.86
269|57|19/1/14|74.73
270|77|8/5/14|30.24
271|32|14/4/14|114.37
272|18|10/6/14|73.58
273|12|3/5/14|129.40
274|16|16/5/14|108.90
275|43|14/5/14|3.07
276|97|23/6/14|130.52
277|52|4/7/14|82.86
278|46|18/5/14|131.76
279|55|10/6/14|90.85
280|43|7/3/14|55.57
281|49|22/6/14|26.00
282|22|3/8/14|19.09
283|25|27/5/14|5.44
284|90|7/2/14|45.55
285|25|30/7/14|4.94
286|19|6/5/14|16.26
287|61|22/3/14|101.02
288|83|5/8/14|34.65
289|60|21/4/14|45.00
290|44|8/5/14|133.16
291|82|23/7/14|37.57
292|11|20/6/14|139.79
293|37|4/3/14|88.89
294|22|29/4/14|24.00
295|15|7/3/14|83.07
296|79|4/1/14|25.89
297|6|27/7/14|85.45
298|99|28/2/14|103.89
299|29|28/7/14|130.15
300|51|6/4/14|20.47
301|16|21/4/14|111.29
302|93|13/2/14|141.71
303|23|29/1/14|129.72
304|54|5/7/14|60.08
305|99|30/7/14|68.90
306|63|15/5/14|131.63
307|10|3/8/14|121.60
308|38|21/7/14|46.19
309|99|17/1/14|116.79
310|7|29/1/14|19.11
311|99|15/7/14|5.22
312|5|11/3/14|49.62
313|20|25/5/14|133.69
314|79|24/3/14|80.53
315|33|16/6/14|24.92
316|24|4/4/14|104.73
317|66|21/1/14|25.48
318|46|29/1/14|27.06
319|59|3/6/14|113.54
320|4|28/1/14|140.82
321|72|28/4/14|121.03
322|71|7/1/14|127.09
323|51|18/4/14|97.65
324|60|4/8/14|74.15
325|89|31/7/14|106.29
326|79|20/1/14|69.56
327|20|6/8/14|71.12
328|53|18/4/14|12.60
329|38|22/3/14|138.52
330|17|21/1/14|127.13
331|12|22/1/14|146.40
332|1|3/2/14|85.54
333|63|24/1/14|37.38
334|27|31/7/14|46.01
335|29|17/2/14|24.28
336|34|7/7/14|71.12
337|47|12/2/14|75.53
338|79|31/3/14|41.01
339|66|18/4/14|129.62
340|87|13/5/14|52.02
341|100|21/7/14|83.65
342|38|30/1/14|29.00
343|96|25/5/14|94.85
344|40|28/5/14|98.31
345|33|25/4/14|62.25
346|33|31/1/14|48.46
347|91|6/5/14|122.69
348|92|2/5/14|78.98
349|74|6/3/14|78.34
350|46|7/2/14|94.64
351|15|18/7/14|92.81
352|100|4/5/14|128.03
353|81|22/3/14|67.23
354|53|4/7/14|102.10
355|51|28/1/14|17.93
356|80|10/7/14|43.54
357|34|16/2/14|138.13
358|92|27/2/14|115.26
359|98|27/7/14|17.38
360|59|8/6/14|142.45
361|84|26/5/14|35.89
362|83|4/7/14|148.89
363|25|28/5/14|33.55
364|27|21/3/14|54.20
365|35|8/3/14|17.92
366|87|23/5/14|130.45
367|74|24/5/14|74.64
368|98|25/5/14|4.81
369|78|22/6/14|84.89
370|72|2/3/14|104.51
371|67|30/3/14|36.73
372|22|23/3/14|138.19
373|30|25/6/14|57.77
374|12|25/7/14|40.13
375|82|16/3/14|120.55
376|19|11/1/14|67.95
377|93|17/4/14|74.64
378|25|20/7/14|39.97
379|67|23/3/14|111.86
380|33|20/4/14|43.53
381|40|30/3/14|111.79
382|39|28/7/14|113.22
383|14|2/1/14|129.01
384|32|13/3/14|114.32
385|60|4/4/14|28.69
386|55|24/7/14|61.12
387|43|31/1/14|1.97
388|78|12/5/14|107.09
389|69|21/7/14|146.02
390|15|20/6/14|39.55
391|68|22/2/14|67.08
392|46|16/7/14|141.79
393|9|5/6/14|21.17
394|45|16/6/14|100.79
395|49|16/7/14|131.18
396|47|6/7/14|42.97
397|32|4/5/14|110.27
398|67|6/8/14|6.94
399|21|17/1/14|77.65
400|39|19/7/14|116.58
401|11|28/3/14|36.16
402|90|28/5/14|57.45
403|57|14/1/14|49.56
404|79|2/3/14|20.58
405|20|20/5/14|124.23
406|15|6/6/14|127.74
407|54|17/2/14|4.25
408|83|16/7/14|105.96
409|17|8/4/14|58.58
410|34|4/8/14|66.09
411|56|15/6/14|122.56
412|24|16/4/14|92.83
413|97|3/8/14|65.43
414|40|18/3/14|89.62
415|66|4/8/14|11.73
416|94|25/4/14|21.52
417|24|18/6/14|68.74
418|59|29/4/14|50.74
419|79|23/4/14|14.65
420|40|5/5/14|11.82
421|45|15/1/14|74.76
422|10|8/4/14|63.97
423|15|3/1/14|35.90
424|32|17/6/14|4.11
425|17|12/4/14|68.65
426|14|16/1/14|65.65
427|16|31/7/14|42.17
428|79|19/1/14|2.45
429|33|15/3/14|144.33
430|100|18/2/14|105.57
431|69|22/3/14|96.65
432|24|17/7/14|66.90
433|53|5/8/14|46.31
434|45|30/7/14|31.40
435|71|4/3/14|124.36
436|8|17/6/14|77.62
437|83|5/6/14|53.43
438|12|8/1/14|28.41
439|95|5/5/14|113.00
440|90|15/2/14|96.58
441|68|27/7/14|41.04
442|26|2/1/14|89.17
443|53|10/4/14|130.53
444|99|28/6/14|9.15
445|20|2/8/14|66.45
446|66|30/6/14|51.63
447|87|26/6/14|44.09
448|74|22/6/14|94.28
449|21|1/7/14|38.39
450|38|21/5/14|98.54
451|38|6/4/14|18.60
452|28|11/7/14|3.30
453|39|30/6/14|107.24
454|75|4/7/14|112.90
455|3|12/1/14|85.13
456|59|19/3/14|75.59
457|41|4/4/14|15.99
458|96|31/1/14|39.68
459|81|14/6/14|58.57
460|31|9/4/14|146.93
461|59|17/3/14|40.78
462|32|10/3/14|147.50
463|93|17/5/14|56.49
464|92|5/8/14|94.64
465|86|5/8/14|147.26
466|39|7/5/14|111.96
467|38|2/5/14|58.73
468|63|20/5/14|129.73
469|11|6/5/14|90.29
470|94|7/4/14|147.29
471|48|12/7/14|146.00
472|94|25/6/14|112.92
473|46|10/2/14|74.19
474|87|3/3/14|19.77
475|6|31/7/14|106.29
476|31|22/6/14|119.00
477|45|17/7/14|78.46
478|5|4/3/14|18.86
479|10|21/5/14|110.33
480|16|3/4/14|48.45
481|90|23/6/14|127.82
482|39|15/6/14|106.25
483|19|6/3/14|85.24
484|57|23/6/14|85.88
485|76|1/4/14|147.84
486|1|14/1/14|148.28
487|84|18/1/14|76.95
488|94|26/7/14|68.95
489|87|2/5/14|148.66
490|66|25/5/14|30.91
491|9|30/5/14|136.52
492|19|5/6/14|60.77
493|23|28/4/14|89.40
494|2|22/1/14|17.25
495|39|25/6/14|93.40
496|26|28/7/14|141.45
497|10|30/1/14|91.28
498|89|29/3/14|68.07
499|21|4/6/14|93.59
500|25|31/1/14|27.73
501|6|30/6/14|128.61
502|65|21/3/14|50.29
503|68|24/1/14|136.75
504|15|18/3/14|9.20
505|83|2/8/14|133.41
506|26|30/5/14|97.82
507|19|2/8/14|88.00
508|56|24/4/14|55.78
509|89|17/4/14|97.75
510|51|28/3/14|24.12
511|73|21/2/14|126.74
512|51|3/8/14|65.30
513|59|30/7/14|146.00
514|72|21/4/14|90.72
515|76|17/3/14|125.44
516|18|16/4/14|137.02
517|62|6/1/14|145.90
518|79|30/5/14|54.75
519|29|6/8/14|149.37
520|83|19/2/14|35.24
521|7|28/2/14|108.79
522|95|26/7/14|1.83
523|60|27/7/14|45.19
524|12|27/7/14|20.24
525|42|2/5/14|142.40
526|84|20/5/14|119.03
527|60|27/4/14|4.87
528|38|27/5/14|70.72
529|35|27/7/14|4.47
530|94|31/1/14|80.47
531|20|8/3/14|56.86
532|77|3/6/14|125.62
533|16|30/4/14|30.31
534|66|8/2/14|57.58
535|82|18/5/14|26.78
536|67|3/4/14|25.10
537|60|2/4/14|28.65
538|7|1/4/14|32.31
539|90|18/2/14|3.84
540|7|18/5/14|117.54
541|87|20/4/14|117.91
542|88|24/1/14|64.47
543|100|11/5/14|74.98
544|91|21/7/14|63.86
545|1|16/2/14|2.95
546|48|15/6/14|129.58
547|83|26/1/14|139.17
548|64|22/3/14|113.62
549|90|18/6/14|35.78
550|6|28/3/14|15.59
551|35|6/3/14|41.45
552|41|13/7/14|55.24
553|73|26/6/14|32.71
554|46|12/2/14|58.70
555|91|30/7/14|34.65
556|82|4/8/14|44.00
557|46|4/4/14|13.55
558|42|12/3/14|3.53
559|98|21/3/14|47.39
560|18|20/4/14|111.83
561|94|27/2/14|96.65
562|65|10/1/14|2.15
563|87|29/6/14|50.28
564|26|13/2/14|4.61
565|12|9/7/14|56.37
566|30|3/6/14|37.99
567|58|8/2/14|94.67
568|94|24/2/14|68.84
569|15|23/2/14|72.66
570|9|28/5/14|60.37
571|65|12/7/14|141.66
572|99|10/7/14|32.54
573|84|1/5/14|8.58
574|69|20/4/14|27.20
575|79|11/5/14|112.47
576|56|4/1/14|135.18
577|47|19/5/14|94.87
578|90|16/5/14|122.31
579|69|3/8/14|109.15
580|73|15/7/14|92.24
581|32|29/1/14|81.43
582|55|24/7/14|63.54
583|83|10/4/14|59.68
584|13|19/5/14|25.11
585|9|19/5/14|111.68
586|94|4/2/14|69.56
587|13|2/2/14|35.44
588|36|15/3/14|52.62
589|10|19/6/14|102.61
590|94|22/4/14|130.46
591|88|21/6/14|39.57
592|80|4/5/14|24.13
593|85|2/3/14|92.09
594|36|25/3/14|100.40
595|36|8/7/14|86.86
596|15|20/5/14|34.89
597|40|14/3/14|61.06
598|17|9/2/14|86.74
599|93|10/6/14|48.30
600|93|25/7/14|107.32
601|79|19/7/14|54.64
602|35|6/4/14|136.60
603|28|13/6/14|108.66
604|76|3/8/14|17.16
605|71|13/2/14|126.02
606|29|8/7/14|28.64
607|84|16/6/14|24.71
608|83|27/4/14|11.22
609|67|28/3/14|135.27
610|34|7/7/14|116.34
611|59|3/7/14|38.76
612|17|2/2/14|110.03
613|98|24/1/14|82.18
614|32|22/4/14|111.09
615|81|9/1/14|149.63
616|50|15/2/14|28.37
617|31|17/1/14|149.83
618|44|21/2/14|79.27
619|59|30/1/14|75.36
620|55|13/2/14|107.55
621|69|3/2/14|26.03
622|24|4/7/14|75.13
623|91|24/6/14|18.29
624|76|29/6/14|17.55
625|47|17/6/14|140.12
626|100|15/7/14|73.79
627|29|6/1/14|31.46
628|69|31/5/14|55.25
629|94|12/5/14|30.19
630|51|8/7/14|147.80
631|23|1/7/14|51.30
632|39|17/7/14|105.09
633|2|24/4/14|54.23
634|71|17/7/14|66.40
635|48|9/5/14|16.86
636|50|3/7/14|124.83
637|58|23/5/14|65.68
638|68|2/4/14|22.54
639|17|24/1/14|135.30
640|23|23/7/14|36.92
641|56|3/3/14|36.00
642|3|13/2/14|2.56
643|57|13/6/14|3.35
644|77|22/1/14|10.37
645|82|3/4/14|149.78
646|53|22/6/14|131.75
647|94|5/8/14|58.14
648|15|13/1/14|139.31
649|30|24/7/14|39.21
650|88|8/1/14|70.42
651|14|10/4/14|23.18
652|28|5/1/14|125.35
653|95|6/8/14|138.18
654|28|26/6/14|63.04
655|84|5/4/14|14.57
656|15|10/1/14|54.85
657|75|8/2/14|105.72
658|76|17/4/14|59.86
659|71|13/7/14|70.92
660|96|30/1/14|39.22
661|24|8/4/14|46.31
662|17|2/4/14|26.62
663|72|30/4/14|135.26
664|61|6/8/14|75.41
665|45|16/3/14|81.52
666|29|20/3/14|102.56
667|39|17/7/14|16.32
668|11|8/7/14|89.82
669|52|13/6/14|134.99
670|73|22/2/14|79.01
671|75|10/6/14|61.40
672|28|14/3/14|48.44
673|97|2/3/14|106.52
674|2|13/5/14|137.53
675|59|5/1/14|119.20
676|78|4/1/14|61.08
677|89|8/4/14|60.69
678|99|20/2/14|49.20
679|81|1/2/14|100.26
680|61|28/4/14|114.75
681|25|25/3/14|129.40
682|9|17/2/14|57.22
683|91|13/5/14|136.94
684|93|29/5/14|129.56
685|69|25/5/14|139.00
686|70|20/7/14|59.17
687|26|5/1/14|108.97
688|39|26/1/14|81.88
689|79|20/2/14|111.10
690|20|23/7/14|81.16
691|75|17/6/14|10.23
692|79|30/1/14|126.63
693|74|20/2/14|104.26
694|45|4/1/14|99.58
695|70|6/4/14|104.31
696|81|3/8/14|82.39
697|14|9/1/14|2.22
698|63|7/6/14|49.06
699|66|16/6/14|101.51
700|95|21/1/14|59.66
701|75|4/7/14|63.00
702|29|27/7/14|2.54
703|86|7/7/14|133.65
704|59|2/2/14|15.49
705|49|25/3/14|110.29
706|92|4/7/14|120.21
707|23|1/8/14|83.84
708|18|12/4/14|11.90
709|34|11/7/14|19.48
710|24|11/2/14|120.39
711|22|7/4/14|76.55
712|27|30/7/14|130.98
713|15|29/1/14|71.12
714|100|25/7/14|21.10
715|34|8/3/14|39.42
716|22|7/5/14|97.90
717|25|1/6/14|9.56
718|23|28/5/14|15.58
719|20|22/6/14|75.90
720|23|31/1/14|37.55
721|16|3/8/14|118.43
722|89|24/6/14|109.63
723|38|15/5/14|32.98
724|98|14/5/14|129.76
725|75|9/1/14|91.24
726|67|22/1/14|16.10
727|54|8/4/14|83.50
728|81|24/5/14|0.58
729|2|22/7/14|109.86
730|47|12/7/14|26.88
731|23|28/3/14|65.73
732|47|16/4/14|111.14
733|80|27/4/14|67.54
734|49|6/4/14|105.82
735|21|5/4/14|33.45
736|92|31/5/14|97.61
737|27|15/1/14|24.38
738|37|27/1/14|85.07
739|8|21/4/14|70.34
740|1|12/6/14|117.53
741|29|13/4/14|25.89
742|63|25/1/14|41.76
743|87|7/1/14|113.40
744|98|4/5/14|142.76
745|18|1/1/14|50.95
746|10|28/1/14|106.07
747|98|26/1/14|140.36
748|55|5/6/14|77.41
749|16|7/2/14|98.02
750|60|6/8/14|42.89
751|29|4/7/14|28.36
752|2|18/2/14|149.26
753|61|14/1/14|134.01
754|52|8/2/14|141.42
755|11|8/2/14|124.57
756|92|3/5/14|7.96
757|19|18/6/14|39.43
758|26|3/8/14|59.84
759|8|2/2/14|26.23
760|48|17/6/14|1.67
761|89|9/4/14|143.84
762|68|17/2/14|147.17
763|22|31/7/14|84.28
764|92|22/7/14|33.53
765|67|24/7/14|23.31
766|42|7/3/14|5.26
767|51|3/7/14|77.31
768|39|17/5/14|20.85
769|35|4/8/14|116.09
770|87|3/8/14|116.56
771|13|17/3/14|93.84
772|82|18/6/14|108.98
773|84|8/6/14|100.18
774|16|1/8/14|67.44
775|49|10/7/14|107.27
776|57|5/4/14|6.94
777|13|7/6/14|96.70
778|22|7/3/14|39.35
779|57|20/1/14|144.04
780|18|12/4/14|76.10
781|74|22/6/14|76.90
782|78|28/7/14|8.90
783|64|23/7/14|91.75
784|95|6/5/14|137.46
785|98|20/1/14|108.06
786|55|28/7/14|88.24
787|43|22/5/14|97.87
788|13|11/1/14|101.97
789|20|25/1/14|106.07
790|84|24/4/14|6.84
791|51|30/6/14|65.19
792|46|16/2/14|64.39
793|100|25/4/14|83.92
794|70|30/3/14|135.66
795|99|4/1/14|71.93
796|86|7/2/14|114.36
797|93|8/3/14|92.07
798|29|21/7/14|29.26
799|4|11/7/14|84.66
800|60|31/5/14|129.55
801|91|24/5/14|55.93
802|7|19/5/14|95.06
803|11|25/6/14|108.22
804|40|24/6/14|120.69
805|84|18/5/14|109.15
806|30|20/2/14|56.24
807|2|11/7/14|28.32
808|90|17/2/14|142.34
809|41|18/2/14|129.53
810|50|20/7/14|5.45
811|55|25/2/14|55.74
812|12|10/5/14|44.27
813|98|28/2/14|45.86
814|13|2/5/14|15.19
815|91|24/1/14|145.17
816|40|5/2/14|86.60
817|13|31/3/14|93.56
818|38|9/6/14|46.70
819|7|31/7/14|139.38
820|33|23/2/14|89.17
821|65|18/6/14|6.86
822|2|12/6/14|132.52
823|60|4/5/14|76.08
824|39|24/3/14|145.78
825|27|30/6/14|129.15
826|36|15/1/14|18.33
827|5|1/3/14|9.71
828|42|27/1/14|97.59
829|74|22/6/14|84.87
830|22|24/2/14|136.77
831|27|3/7/14|82.76
832|92|7/7/14|81.65
833|2|7/4/14|96.03
834|40|8/6/14|2.71
835|21|1/2/14|86.84
836|52|24/1/14|54.97
837|20|11/6/14|13.73
838|1|16/3/14|109.10
839|96|18/2/14|116.71
840|69|16/5/14|94.70
841|51|17/5/14|15.17
842|61|4/4/14|73.61
843|94|2/2/14|122.23
844|3|24/6/14|44.51
845|60|23/3/14|86.14
846|93|16/1/14|51.75
847|85|8/3/14|119.35
848|36|2/8/14|23.00
849|25|2/2/14|10.23
850|94|28/1/14|6.28
851|42|16/1/14|32.07
852|59|16/6/14|142.22
853|37|28/1/14|138.74
854|8|2/2/14|73.50
855|46|7/3/14|143.70
856|81|8/3/14|135.91
857|95|18/1/14|101.17
858|6|12/5/14|126.61
859|65|29/5/14|50.29
860|20|2/8/14|140.89
861|92|8/7/14|68.98
862|44|31/3/14|39.04
863|82|8/2/14|50.01
864|11|9/6/14|65.98
865|93|17/5/14|69.59
866|29|9/6/14|6.77
867|16|1/1/14|81.54
868|2|3/6/14|83.19
869|72|7/1/14|133.97
870|62|6/4/14|18.31
871|91|6/2/14|17.45
872|6|25/3/14|8.14
873|51|1/3/14|39.22
874|79|16/1/14|43.84
875|35|25/1/14|71.23
876|45|25/1/14|77.44
877|82|28/2/14|6.78
878|82|16/5/14|30.73
879|37|28/6/14|72.32
880|12|3/8/14|135.04
881|86|6/7/14|141.62
882|60|16/3/14|121.37
883|68|16/5/14|143.97
884|12|5/7/14|11.61
885|60|15/6/14|59.77
886|96|26/4/14|37.22
887|22|5/1/14|17.66
888|99|8/4/14|21.75
889|51|5/1/14|102.39
890|33|5/8/14|48.90
891|40|2/6/14|57.02
892|27|15/2/14|123.03
893|11|14/1/14|127.43
894|36|4/4/14|27.68
895|64|7/3/14|123.66
896|29|9/4/14|132.48
897|12|27/2/14|96.42
898|60|29/1/14|127.57
899|44|29/6/14|135.23
900|99|14/4/14|75.21
901|70|27/6/14|134.79
902|39|8/5/14|32.84
903|60|20/7/14|42.05
904|66|26/2/14|103.80
905|51|3/7/14|51.11
906|85|22/1/14|96.23
907|17|26/5/14|71.55
908|52|12/6/14|123.68
909|89|14/2/14|95.76
910|33|17/3/14|35.67
911|94|27/3/14|34.51
912|66|6/4/14|130.10
913|82|22/4/14|21.45
914|21|14/1/14|33.44
915|80|26/3/14|24.39
916|56|22/2/14|74.98
917|18|18/4/14|19.99
918|99|25/5/14|89.07
919|94|6/5/14|140.20
920|12|21/1/14|127.31
921|61|2/3/14|91.92
922|15|28/2/14|112.21
923|12|18/1/14|114.38
924|93|22/7/14|138.07
925|40|23/3/14|123.90
926|96|3/8/14|65.83
927|35|10/4/14|9.97
928|9|16/7/14|142.85
929|66|1/6/14|7.35
930|72|4/6/14|65.85
931|53|14/5/14|56.14
932|20|16/5/14|88.76
933|24|15/6/14|43.72
934|2|25/5/14|70.05
935|35|20/5/14|0.53
936|33|17/7/14|123.17
937|48|27/5/14|68.46
938|40|6/1/14|87.36
939|82|9/2/14|147.57
940|9|4/8/14|146.14
941|64|31/7/14|2.45
942|14|10/7/14|90.07
943|77|11/4/14|13.08
944|6|31/3/14|9.99
945|87|15/4/14|86.60
946|71|13/6/14|81.35
947|39|11/4/14|61.60
948|85|18/4/14|45.23
949|43|22/4/14|52.13
950|26|27/5/14|74.39
951|63|26/6/14|34.23
952|20|22/6/14|82.08
953|71|8/2/14|119.72
954|83|26/3/14|34.67
955|14|7/6/14|141.33
956|5|27/2/14|3.54
957|29|13/2/14|66.12
958|21|8/5/14|7.23
959|1|2/3/14|3.18
960|70|29/4/14|137.33
961|6|7/2/14|88.82
962|91|11/1/14|44.53
963|13|21/1/14|61.47
964|69|27/7/14|66.01
965|7|15/5/14|24.66
966|72|30/6/14|39.28
967|74|11/5/14|10.17
968|34|4/8/14|77.02
969|95|1/3/14|91.65
970|100|15/1/14|29.19
971|21|6/6/14|61.24
972|32|7/2/14|61.41
973|47|29/1/14|16.40
974|21|21/7/14|5.85
975|24|28/1/14|134.76
976|3|11/6/14|144.97
977|82|11/7/14|75.92
978|73|10/4/14|9.72
979|50|3/4/14|146.92
980|68|24/3/14|30.26
981|54|29/6/14|72.38
982|13|11/5/14|67.27
983|45|22/4/14|128.46
984|90|12/7/14|118.41
985|40|20/5/14|63.56
986|78|22/2/14|131.89
987|52|27/7/14|141.17
988|12|10/7/14|135.77
989|66|16/4/14|138.91
990|97|6/1/14|129.00
991|96|10/6/14|93.07
992|69|22/4/14|137.50
993|25|3/2/14|1.47
994|30|1/6/14|125.59
995|48|8/2/14|143.23
996|23|20/7/14|110.49
997|67|3/8/14|99.24
998|77|18/1/14|90.72
999|100|19/5/14|149.90
1000|38|15/7/14|84.35
